% --- In response to Question 5: Materials



/********************
 * Material Card    * 
 ********************



% --- Helium, natural

mat He -1.66E-04

 2004  -1.000000000000


% --- "Zircaloy-4" [PNNL-15870, Rev. 1]

mat m348 -6.56000E+00

 8000  -1.19600E-03
24000  -9.97000E-04
26000  -1.99400E-03
40000  -9.81858E-01
50000  -1.39550E-02

 8016  -1.19276E-03
 8017  -4.82878E-07
 8018  -2.75825E-06
24050  -4.16117E-05
24052  -8.34483E-04
24053  -9.64457E-05
24054  -2.44600E-05
26054  -1.12572E-04
26056  -1.83252E-03
26057  -4.30778E-05
26058  -5.83334E-06
40090  -4.97862E-01
40091  -1.09780E-01
40092  -1.69646E-01
40094  -1.75665E-01
40096  -2.89038E-02
50112  -1.27604E-04
50114  -8.83732E-05
50115  -4.59255E-05
50116  -1.98105E-03
50117  -1.05543E-03
50118  -3.35688E-03
50119  -1.20069E-03
50120  -4.59220E-03
50122  -6.63497E-04
50124  -8.43355E-04



